1392.0 112.0 384 264 5.527904 1
1520.0 1232.0 392 1416 5.460656 1
1936.0 880.0 872 1056 5.510073 1
1520.0 944.0 472 1112 5.4616075 1
1200.0 528.0 208 688 5.5653157 1
1520.0 176.0 544 360 5.611819 1
1968.0 432.0 968 624 5.620227 1
1744.0 1232.0 616 1408 5.428472 1
1488.0 112.0 520 288 5.5479803 1
1072.0 688.0 40 856 5.5266943 1
1072.0 496.0 72 656 5.5120354 1
1424.0 816.0 392 984 5.488032 1
1968.0 336.0 968 536 5.5528865 1
1104.0 944.0 24 1120 5.463015 1
1584.0 720.0 560 904 5.4840493 1
1680.0 976.0 608 1152 5.4317813 1
1104.0 912.0 32 1080 5.457922 1
1360.0 1040.0 264 1224 5.4245176 1
1264.0 656.0 256 824 5.6007986 1
1392.0 1168.0 280 1344 5.4392905 1
1936.0 16.0 912 208 5.507896 1
1200.0 1008.0 112 1192 5.4183154 1
1168.0 752.0 128 920 5.5899224 1
1936.0 1232.0 800 1400 5.435197 1
1840.0 816.0 800 992 5.529979 1
1040.0 208.0 48 312 5.4916 1
1648.0 432.0 664 616 5.6141987 1
1904.0 1296.0 760 1480 5.4212103 1
1968.0 1008.0 880 1176 5.3948016 1
1392.0 176.0 416 344 5.621739 1
1712.0 464.0 728 648 5.65175 1
1264.0 688.0 248 856 5.6022453 1
1584.0 1008.0 504 1184 5.4885726 1
1456.0 1200.0 336 1376 5.4186316 1
432.0 80.0 888 120 5.505666 1
1456.0 720.0 440 888 5.57075 1
1904.0 944.0 832 1120 5.4152975 1
1392.0 400.0 416 568 5.596827 1
1968.0 560.0 960 752 5.5577793 1
1776.0 624.0 768 808 5.543153 1
1456.0 528.0 464 696 5.6003838 1
1488.0 528.0 496 704 5.6192913 1
1936.0 240.0 1008 448 5.58225 1
1456.0 656.0 456 832 5.5740595 1
1936.0 464.0 936 656 5.616788 1
1392.0 592.0 400 760 5.611386 1
1040.0 592.0 24 752 5.540072 1
1136.0 1168.0 16 1352 5.3787394 1
1808.0 784.0 768 960 5.5385 1
1104.0 592.0 96 752 5.552061 1
1968.0 784.0 920 960 5.493359 1
1552.0 80.0 528 248 5.696655 1
1520.0 1200.0 400 1384 5.455225 1
1200.0 1072.0 88 1256 5.4433575 1
1936.0 688.0 912 872 5.5358553 1
1200.0 784.0 176 952 5.5280347 1
1424.0 1264.0 288 1448 5.461499 1
1904.0 624.0 896 808 5.5636616 1
1168.0 816.0 152 976 5.5449705 1
848.0 368.0 1472 536 4.6874495 1
1904.0 688.0 880 872 5.551164 1
1264.0 368.0 272 528 5.6069303 1
1456.0 496.0 456 664 5.58137 1
1232.0 208.0 256 368 5.6072273 1
1456.0 208.0 488 384 5.5724125 1
1808.0 208.0 824 408 5.618927 1
1104.0 272.0 112 432 5.430328 1
208.0 80.0 584 120 5.5298595 1
1296.0 1200.0 176 1384 5.443203 1
1936.0 816.0 888 992 5.5440183 1
1296.0 624.0 296 792 5.561032 1
1872.0 240.0 880 440 5.5857344 1
1872.0 944.0 808 1112 5.4219503 1
1712.0 144.0 736 336 5.6520443 1
1456.0 592.0 464 768 5.601414 1
1552.0 656.0 544 832 5.5836725 1
1616.0 1072.0 528 1248 5.4322267 1
1168.0 240.0 184 392 5.5897956 1
1840.0 784.0 800 968 5.5133047 1
1136.0 528.0 136 688 5.550525 1
1424.0 944.0 360 1120 5.5268197 1
1040.0 912.0 24 1064 5.392972 1
1552.0 976.0 480 1152 5.4394155 1
1488.0 880.0 448 1048 5.5425406 1
1456.0 976.0 384 1152 5.5245614 1
1232.0 48.0 264 208 5.5663395 1
1808.0 848.0 760 1024 5.523528 1
1744.0 1072.0 648 1248 5.4297056 1
1520.0 1296.0 376 1480 5.4757447 1
1872.0 208.0 888 408 5.583761 1
1840.0 208.0 848 408 5.6152987 1
1616.0 1296.0 472 1480 5.4439187 1
1936.0 1456.0 984 1480 5.180956 1
1584.0 1104.0 488 1280 5.4612894 1
1296.0 592.0 296 760 5.5927787 1
176.0 16.0 488 32 5.5276237 1
1712.0 784.0 680 960 5.59148 1
1680.0 656.0 672 832 5.555232 1
1968.0 176.0 968 384 5.589727 1
1424.0 1008.0 344 1184 5.474388 1
1648.0 880.0 592 1056 5.431588 1
1744.0 656.0 736 840 5.5706964 1
1200.0 400.0 216 560 5.625815 1
1456.0 144.0 488 320 5.4975457 1
1872.0 784.0 832 960 5.532006 1
1200.0 48.0 168 184 5.6367207 1
1200.0 1168.0 64 1360 5.441103 1
1264.0 816.0 224 984 5.535084 1
1968.0 16.0 936 216 5.5407543 1
1360.0 592.0 360 760 5.589389 1
1392.0 272.0 416 440 5.639847 1
1680.0 400.0 696 584 5.6308823 1
1552.0 1136.0 448 1312 5.4629903 1
1328.0 240.0 352 408 5.6055164 1
1680.0 496.0 696 680 5.6369715 1
1040.0 112.0 16 240 5.6340146 1
1424.0 48.0 472 152 5.6688967 1
1840.0 976.0 760 1152 5.430819 1
1296.0 1072.0 200 1248 5.467255 1
1168.0 176.0 184 336 5.522336 1
1584.0 976.0 512 1152 5.4545336 1
1712.0 1072.0 624 1240 5.3771095 1
1840.0 560.0 848 744 5.5864453 1
1552.0 464.0 568 640 5.6512055 1
1392.0 240.0 416 408 5.6296253 1
1360.0 688.0 352 856 5.570459 1
1808.0 944.0 744 1112 5.3830347 1
1008.0 496.0 16 648 5.365255 1
1200.0 368.0 216 528 5.6374536 1
1904.0 1232.0 768 1400 5.3966007 1
1680.0 1232.0 544 1448 5.302394 1
1232.0 1200.0 96 1392 5.4568214 1
1552.0 528.0 568 704 5.624916 1
528.0 176.0 1048 232 5.3358517 1
1520.0 368.0 536 544 5.662943 1
1040.0 400.0 40 552 5.31827 1
1392.0 1296.0 248 1480 5.466672 1
1232.0 1168.0 96 1360 5.417068 1
112.0 112.0 528 120 5.5284467 1
1136.0 240.0 152 392 5.58139 1
1904.0 656.0 888 840 5.566219 1
240.0 80.0 608 136 5.529361 1
1200.0 560.0 192 720 5.5524178 1
1936.0 752.0 904 928 5.51721 1
1680.0 80.0 664 256 5.612841 1
1168.0 1296.0 16 1480 5.3584595 1
1520.0 560.0 536 736 5.6198063 1
1488.0 752.0 464 928 5.5577283 1
1488.0 1168.0 376 1344 5.4582534 1
80.0 16.0 512 40 5.528946 1
1360.0 304.0 384 472 5.6067643 1
976.0 272.0 32 400 5.4731135 1
1104.0 432.0 120 592 5.4767046 1
1072.0 944.0 24 1112 5.3397064 1
1520.0 80.0 496 240 5.698185 1
1904.0 176.0 912 384 5.5586967 1
1872.0 496.0 872 688 5.5765166 1
1712.0 304.0 728 488 5.6140566 1
1808.0 176.0 824 368 5.624641 1
1584.0 816.0 544 992 5.534331 1
1712.0 16.0 704 192 5.6421437 1
1712.0 112.0 688 296 5.59952 1
1104.0 656.0 72 824 5.5037723 1
1424.0 400.0 448 576 5.6231103 1
1072.0 80.0 56 200 5.6396303 1
1232.0 1296.0 104 1480 5.2826595 1
1488.0 1296.0 344 1480 5.3900914 1
1776.0 656.0 768 840 5.5616093 1
1712.0 176.0 736 368 5.65867 1
1968.0 912.0 896 1096 5.4716053 1
1744.0 304.0 760 496 5.658132 1
1872.0 176.0 888 376 5.5538206 1
1744.0 752.0 720 928 5.5609612 1
1232.0 1232.0 88 1424 5.435928 1
560.0 16.0 1128 56 5.5033693 1
1360.0 624.0 368 792 5.605625 1
1904.0 1104.0 792 1280 5.427207 1
1648.0 1040.0 560 1224 5.37504 1
272.0 48.0 664 120 5.5293813 1
1616.0 368.0 632 552 5.6357427 1
1456.0 304.0 480 480 5.6044784 1
1072.0 752.0 24 920 5.54995 1
1776.0 1104.0 680 1280 5.4090137 1
1616.0 432.0 632 608 5.6094294 1
1584.0 496.0 600 672 5.6441994 1
1136.0 784.0 88 952 5.564084 1
1296.0 912.0 232 1088 5.528455 1
1744.0 272.0 760 464 5.663299 1
1584.0 944.0 512 1120 5.444119 1
1232.0 432.0 248 592 5.622491 1
1488.0 1200.0 368 1376 5.4538393 1
1776.0 272.0 792 464 5.668683 1
1456.0 1232.0 320 1424 5.4398456 1
1264.0 720.0 248 888 5.600559 1
1776.0 976.0 704 1144 5.455004 1
1680.0 720.0 664 896 5.5973196 1
1552.0 208.0 576 392 5.621197 1
1520.0 464.0 536 640 5.656664 1
1360.0 1008.0 280 1184 5.4778247 1
1776.0 1232.0 648 1400 5.4325147 1
1712.0 400.0 728 584 5.649005 1
1648.0 656.0 648 832 5.5713143 1
1872.0 752.0 832 936 5.5440226 1
1488.0 976.0 416 1152 5.5001087 1
1776.0 784.0 744 960 5.54943 1
1584.0 176.0 608 360 5.6325383 1
1968.0 400.0 968 600 5.598871 1
1200.0 1104.0 88 1288 5.474489 1
1328.0 496.0 336 664 5.636934 1
1712.0 80.0 696 264 5.6075044 1
1968.0 656.0 944 840 5.5586324 1
1808.0 528.0 808 712 5.595619 1
1264.0 624.0 264 792 5.5610404 1
1072.0 560.0 56 720 5.531907 1
1328.0 1104.0 224 1288 5.4580154 1
1712.0 624.0 712 808 5.5247254 1
1552.0 240.0 576 424 5.6312366 1
1648.0 112.0 632 288 5.585337 1
1584.0 208.0 608 392 5.653018 1
1968.0 112.0 952 320 5.515432 1
1264.0 304.0 280 464 5.6051917 1
1104.0 624.0 96 784 5.512679 1
1264.0 944.0 192 1120 5.5475974 1
1488.0 624.0 504 792 5.6009946 1
1872.0 912.0 808 1080 5.467893 1
1424.0 1296.0 288 1472 5.4316134 1
912.0 400.0 1176 648 4.813349 1
1776.0 400.0 784 584 5.6232443 1
1680.0 208.0 704 400 5.641157 1
1776.0 432.0 792 616 5.6486025 1
1264.0 208.0 288 368 5.616728 1
1936.0 208.0 1016 416 5.584851 1
1200.0 1296.0 48 1480 5.353774 1
1808.0 464.0 816 648 5.5781417 1
1808.0 16.0 824 216 5.596202 1
1232.0 912.0 160 1088 5.448621 1
1392.0 1232.0 256 1424 5.452796 1
1488.0 1232.0 360 1416 5.436615 1
400.0 16.0 856 24 5.5021825 1
496.0 80.0 1016 120 5.5022693 1
1104.0 528.0 104 680 5.5273705 1
1680.0 1008.0 600 1184 5.428357 1
1744.0 208.0 768 400 5.650739 1
1168.0 208.0 192 360 5.597536 1
1456.0 1136.0 352 1312 5.4477 1
1104.0 784.0 56 952 5.5681853 1
592.0 16.0 824 72 5.478619 1
1872.0 464.0 880 656 5.581824 1
1968.0 1296.0 824 1456 5.3942676 1
1936.0 176.0 952 384 5.5789447 1
1776.0 16.0 792 200 5.6007285 1
1072.0 16.0 56 152 5.650902 1
1744.0 240.0 760 432 5.6609488 1
1456.0 1072.0 360 1248 5.4390063 1
1680.0 1136.0 576 1304 5.343153 1
1232.0 80.0 264 232 5.5309596 1
1680.0 48.0 656 224 5.654993 1
1936.0 848.0 880 1024 5.558829 1
1648.0 80.0 632 256 5.6413136 1
1808.0 432.0 824 624 5.563758 1
1040.0 528.0 40 680 5.5144324 1
1328.0 720.0 312 888 5.584102 1
1584.0 688.0 576 864 5.5883017 1
1168.0 784.0 152 944 5.5467706 1
1648.0 496.0 664 680 5.6242213 1
1200.0 496.0 208 656 5.5616846 1
1104.0 304.0 120 456 5.5043654 1
1296.0 496.0 304 664 5.63127 1
400.0 272.0 1104 296 5.0510106 1
1648.0 400.0 664 584 5.6030016 1
1776.0 464.0 792 648 5.641797 1
1552.0 48.0 528 216 5.699877 1
1808.0 1296.0 664 1472 5.4437313 1
1584.0 112.0 560 288 5.702961 1
1296.0 1232.0 160 1424 5.378758 1
1616.0 80.0 600 264 5.6970654 1
1488.0 272.0 512 448 5.6269865 1
1296.0 272.0 312 432 5.6078625 1
1264.0 560.0 272 728 5.5174885 1
1744.0 816.0 704 992 5.571103 1
1232.0 1104.0 120 1288 5.4841275 1
1904.0 1264.0 768 1432 5.399471 1
1744.0 976.0 672 1144 5.4552364 1
1296.0 848.0 248 1024 5.5013556 1
1040.0 848.0 24 992 5.32451 1
1360.0 784.0 328 952 5.5547113 1
1648.0 720.0 632 896 5.588961 1
1392.0 336.0 416 504 5.596618 1
1616.0 944.0 544 1120 5.425428 1
1776.0 1264.0 648 1432 5.4277716 1
1552.0 496.0 568 672 5.6471686 1
1456.0 16.0 504 120 5.6714044 1
1168.0 496.0 176 656 5.5206823 1
464.0 80.0 984 112 5.503698 1
1136.0 80.0 88 216 5.626119 1
1520.0 432.0 536 608 5.6524005 1
1840.0 848.0 792 1024 5.4850125 1
1328.0 464.0 344 632 5.624191 1
1776.0 1008.0 696 1184 5.444067 1
1520.0 1040.0 440 1216 5.4848423 1
944.0 464.0 1240 696 4.7531877 1
1552.0 816.0 512 992 5.547076 1
912.0 432.0 1176 672 4.8082876 1
1936.0 560.0 928 752 5.5388303 1
1616.0 1232.0 488 1408 5.4534373 1
1840.0 432.0 848 624 5.5893373 1
1456.0 112.0 440 264 5.620462 1
1648.0 272.0 672 456 5.6598053 1
1872.0 1264.0 736 1432 5.4158983 1
1136.0 48.0 112 184 5.649888 1
1424.0 720.0 408 888 5.566718 1
1264.0 880.0 208 1048 5.5029535 1
1424.0 176.0 448 344 5.5772567 1
528.0 16.0 1096 56 5.503009 1
1808.0 48.0 832 248 5.596349 1
1904.0 848.0 848 1024 5.54849 1
1104.0 112.0 64 240 5.6079144 1
1296.0 16.0 320 176 5.418182 1
1200.0 1264.0 40 1464 5.4528027 1
240.0 48.0 616 104 5.529197 1
1328.0 560.0 336 728 5.6248126 1
1808.0 112.0 824 328 5.6095114 1
1104.0 752.0 56 920 5.554125 1
1328.0 688.0 312 856 5.5819755 1
1712.0 528.0 720 712 5.6386895 1
432.0 240.0 984 264 5.342595 1
1872.0 16.0 872 200 5.539642 1
1840.0 496.0 840 680 5.543055 1
1712.0 1232.0 584 1400 5.3981276 1
1456.0 752.0 424 928 5.567788 1
1392.0 80.0 360 232 5.6468544 1
1840.0 720.0 808 904 5.536871 1
1584.0 336.0 608 520 5.640421 1
1296.0 1264.0 152 1448 5.3887343 1
1648.0 16.0 624 192 5.663659 1
1520.0 1008.0 440 1184 5.5098763 1
1712.0 816.0 672 992 5.5705237 1
1392.0 496.0 408 664 5.6550875 1
1616.0 1200.0 496 1376 5.4692283 1
1456.0 368.0 480 544 5.6110435 1
272.0 16.0 680 88 5.527811 1
1072.0 528.0 64 688 5.5103235 1
1296.0 336.0 320 496 5.5891666 1
1168.0 336.0 184 488 5.5574236 1
1712.0 720.0 696 896 5.5929604 1
1456.0 1008.0 376 1184 5.517333 1
1744.0 592.0 752 776 5.551516 1
1136.0 432.0 144 592 5.55419 1
1552.0 432.0 576 608 5.6367073 1
1776.0 592.0 792 776 5.5424657 1
1648.0 1232.0 520 1408 5.420764 1
1712.0 496.0 720 680 5.643964 1
1712.0 272.0 728 464 5.621857 1
1808.0 240.0 824 432 5.581278 1
1232.0 304.0 248 464 5.618545 1
1680.0 176.0 704 360 5.6279125 1
1712.0 368.0 728 552 5.653843 1
1872.0 560.0 872 744 5.568667 1
1264.0 1200.0 136 1384 5.4609737 1
1104.0 400.0 120 552 5.416588 1
1200.0 624.0 200 792 5.54043 1
1264.0 112.0 288 272 5.535612 1
1936.0 80.0 912 272 5.512495 1
1136.0 304.0 144 456 5.572553 1
1648.0 240.0 672 424 5.6581364 1
1808.0 1328.0 672 1472 5.3593473 1
848.0 560.0 1152 536 4.6799107 1
1296.0 528.0 304 696 5.6070023 1
1040.0 80.0 16 208 5.641553 1
1776.0 720.0 752 896 5.521553 1
1488.0 1008.0 408 1184 5.5116725 1
1104.0 688.0 64 856 5.527679 1
1136.0 368.0 152 528 5.555798 1
1936.0 1008.0 848 1184 5.428579 1
1488.0 1264.0 352 1456 5.4149356 1
1776.0 560.0 784 744 5.5475655 1
1936.0 304.0 936 504 5.614411 1
1616.0 592.0 616 768 5.6032763 1
1232.0 592.0 224 760 5.45678 1
1328.0 1136.0 216 1320 5.491659 1
1840.0 304.0 840 496 5.509655 1
1296.0 1296.0 144 1480 5.3035345 1
1040.0 784.0 24 952 5.5102544 1
1648.0 1200.0 528 1376 5.450791 1
1776.0 816.0 736 992 5.561879 1
1840.0 912.0 776 1088 5.481143 1
1584.0 1072.0 488 1248 5.452428 1
1424.0 304.0 456 472 5.5469933 1
1904.0 336.0 904 528 5.554565 1
1552.0 1264.0 416 1448 5.455712 1
1488.0 688.0 456 864 5.5816345 1
1296.0 816.0 256 984 5.544828 1
1200.0 944.0 120 1120 5.5219684 1
1392.0 464.0 408 632 5.646947 1
1552.0 592.0 560 768 5.589791 1
1648.0 752.0 624 928 5.5995083 1
1264.0 1264.0 120 1448 5.4340053 1
496.0 16.0 1048 24 5.5024586 1
1264.0 48.0 288 208 5.548879 1
1776.0 48.0 800 248 5.5956125 1
1232.0 528.0 240 696 5.6038566 1
1008.0 400.0 16 552 5.364628 1
1712.0 1264.0 584 1432 5.410157 1
1552.0 1072.0 456 1248 5.459841 1
1168.0 912.0 96 1088 5.4819818 1
144.0 48.0 544 64 5.5278344 1
400.0 144.0 952 168 5.4458046 1
1360.0 368.0 384 536 5.590908 1
1904.0 432.0 912 624 5.59183 1
1904.0 464.0 904 656 5.597604 1
1296.0 1168.0 176 1352 5.497978 1
1488.0 1104.0 384 1280 5.4017534 1
1360.0 1296.0 216 1480 5.466257 1
1872.0 1232.0 744 1400 5.4060564 1
1200.0 112.0 152 248 5.613283 1
1968.0 1136.0 848 1304 5.405457 1
1072.0 848.0 56 1000 5.427531 1
432.0 16.0 904 40 5.5037074 1
1200.0 432.0 208 592 5.6137195 1
1456.0 176.0 480 352 5.5723996 1
1200.0 848.0 136 1024 5.4977784 1
1552.0 1168.0 440 1344 5.444295 1
1520.0 496.0 536 672 5.6444774 1
400.0 80.0 872 136 5.505524 1
1200.0 592.0 200 752 5.532851 1
1744.0 784.0 712 960 5.5799546 1
1584.0 48.0 552 216 5.699104 1
1520.0 1104.0 424 1288 5.401538 1
1328.0 1040.0 232 1224 5.436995 1
1136.0 1104.0 16 1296 5.4017887 1
1936.0 272.0 944 472 5.6024103 1
1616.0 1040.0 528 1216 5.426011 1
1968.0 1264.0 824 1432 5.442034 1
1360.0 432.0 360 600 5.5698795 1
1936.0 656.0 920 840 5.5383096 1
1104.0 496.0 112 648 5.4949665 1
1936.0 976.0 856 1152 5.4287996 1
560.0 176.0 1072 232 5.3303437 1
1232.0 1072.0 128 1256 5.4848094 1
1904.0 816.0 856 992 5.530961 1
1264.0 1008.0 184 1184 5.4446836 1
1264.0 592.0 264 760 5.5075207 1
560.0 144.0 1064 184 5.339038 1
1136.0 400.0 144 552 5.5861344 1
1936.0 112.0 912 320 5.480135 1
1360.0 176.0 392 344 5.621671 1
1872.0 528.0 880 720 5.5610633 1
1648.0 1008.0 568 1184 5.4151487 1
1424.0 80.0 400 232 5.6673536 1
1232.0 848.0 184 1016 5.514152 1
1712.0 1104.0 616 1280 5.411457 1
1392.0 1104.0 296 1280 5.4699125 1
560.0 496.0 1072 496 4.794236 1
1520.0 1072.0 432 1248 5.4780445 1
1360.0 752.0 336 920 5.566572 1
1168.0 528.0 168 688 5.5382986 1
1200.0 16.0 152 152 5.6381392 1
1840.0 1136.0 728 1304 5.425046 1
1616.0 208.0 640 392 5.649359 1
1744.0 528.0 752 712 5.6234183 1
1424.0 496.0 432 664 5.6388984 1
1232.0 560.0 232 728 5.5205264 1
1136.0 272.0 144 424 5.565087 1
1424.0 464.0 440 632 5.6375194 1
1744.0 1168.0 632 1336 5.4229593 1
400.0 208.0 968 224 5.3574524 1
1360.0 272.0 384 440 5.6230984 1
1872.0 304.0 880 504 5.578609 1
1488.0 176.0 512 352 5.6089163 1
1808.0 496.0 808 680 5.5546055 1
1744.0 1008.0 664 1176 5.4469495 1
1872.0 720.0 840 896 5.516486 1
1008.0 592.0 88 744 4.9743557 1
464.0 272.0 1288 288 5.1013784 1
1552.0 400.0 576 576 5.647155 1
1360.0 240.0 384 408 5.632076 1
1616.0 656.0 616 832 5.5849347 1
1936.0 144.0 952 352 5.5139294 1
1488.0 80.0 464 240 5.6680965 1
1296.0 1040.0 216 1208 5.381575 1
1808.0 1168.0 696 1336 5.41064 1
1264.0 1168.0 144 1352 5.475147 1
400.0 336.0 1080 352 4.912239 1
1168.0 720.0 136 888 5.5924478 1
1168.0 1168.0 32 1360 5.4421773 1
1584.0 912.0 528 1080 5.4066787 1
1136.0 816.0 104 976 5.520202 1
1264.0 272.0 280 432 5.5955772 1
1200.0 144.0 152 288 5.607658 1
1200.0 1136.0 80 1320 5.4682918 1
1264.0 912.0 216 1080 5.4926777 1
1104.0 560.0 96 720 5.5491104 1
1616.0 976.0 544 1152 5.470719 1
1520.0 16.0 488 184 5.7014084 1
1328.0 1264.0 184 1456 5.3580923 1
1296.0 208.0 320 368 5.5947723 1
1712.0 1328.0 576 1472 5.384875 1
1456.0 272.0 480 448 5.5886674 1
1360.0 944.0 288 1120 5.5364885 1
1104.0 48.0 72 184 5.6500077 1
1392.0 16.0 440 120 5.6707096 1
1168.0 1040.0 72 1216 5.438431 1
1168.0 976.0 88 1152 5.511637 1
1104.0 1040.0 24 1208 5.4574065 1
1424.0 1168.0 320 1336 5.460516 1
1104.0 1232.0 16 1376 5.2784996 1
1136.0 720.0 96 888 5.5685916 1
1840.0 16.0 856 200 5.5354586 1
1456.0 1104.0 360 1280 5.429849 1
1680.0 816.0 640 992 5.5663314 1
1808.0 880.0 776 1064 5.337727 1
368.0 16.0 840 48 5.504496 1
1360.0 464.0 376 632 5.6479034 1
1968.0 752.0 936 928 5.518265 1
1040.0 336.0 24 472 5.50497 1
944.0 400.0 1256 648 4.7731643 1
1808.0 688.0 792 864 5.5526805 1
1360.0 560.0 360 728 5.6458197 1
1008.0 208.0 24 312 5.509746 1
1680.0 16.0 656 192 5.659736 1
1680.0 688.0 672 864 5.583228 1
1584.0 784.0 552 960 5.5503435 1
1616.0 720.0 600 896 5.5746927 1
144.0 112.0 552 152 5.5277658 1
1168.0 400.0 184 560 5.623477 1
1360.0 848.0 312 1024 5.397325 1
1008.0 368.0 16 512 5.328211 1
1392.0 848.0 344 1016 5.483557 1
1520.0 48.0 496 208 5.70196 1
1904.0 560.0 904 744 5.547673 1
1360.0 656.0 368 824 5.5681596 1
496.0 240.0 1008 296 5.2572775 1
1392.0 144.0 416 312 5.5361547 1
1648.0 528.0 664 704 5.5590453 1
1936.0 400.0 944 592 5.589206 1
1808.0 1040.0 720 1216 5.3919606 1
1232.0 400.0 248 560 5.635231 1
1456.0 1264.0 320 1448 5.4565325 1
1200.0 688.0 184 856 5.567041 1
1936.0 1424.0 984 1464 5.177531 1
1552.0 944.0 488 1120 5.4269123 1
1040.0 432.0 40 584 5.491059 1
1104.0 880.0 72 1040 5.4677024 1
1552.0 1232.0 424 1416 5.4616685 1
1648.0 592.0 664 776 5.525185 1
1392.0 432.0 416 600 5.595336 1
1552.0 752.0 528 928 5.4682903 1
1360.0 1200.0 240 1376 5.3803864 1
1008.0 304.0 72 456 5.372239 1
1552.0 336.0 568 512 5.6533055 1
1520.0 624.0 504 800 5.6081133 1
1456.0 464.0 472 632 5.596924 1
1648.0 848.0 600 1024 5.503458 1
1584.0 144.0 568 328 5.595362 1
1712.0 592.0 712 776 5.541268 1
1136.0 464.0 144 624 5.5221314 1
1136.0 560.0 128 720 5.5560203 1
1552.0 16.0 536 184 5.7004404 1
1392.0 208.0 416 376 5.6262603 1
1520.0 336.0 536 512 5.6614227 1
1840.0 1232.0 712 1400 5.4300485 1
1904.0 400.0 904 592 5.5671444 1
1744.0 48.0 728 232 5.627182 1
1808.0 1008.0 728 1176 5.419234 1
1456.0 848.0 424 1016 5.5530543 1
1072.0 464.0 72 624 5.5079017 1
1360.0 720.0 352 888 5.550851 1
144.0 208.0 472 264 5.448059 1
1840.0 368.0 856 560 5.568207 1
1680.0 240.0 704 432 5.635207 1
1968.0 944.0 888 1120 5.4525294 1
1680.0 1168.0 568 1352 5.349338 1
1616.0 304.0 640 488 5.6560125 1
1040.0 240.0 24 376 5.500452 1
1424.0 208.0 448 376 5.5688343 1
1360.0 496.0 376 664 5.655753 1
1904.0 368.0 904 560 5.55859 1
1648.0 336.0 664 520 5.643515 1
1808.0 80.0 832 288 5.610136 1
1360.0 400.0 376 560 5.5352464 1
1072.0 144.0 24 272 5.552965 1
1840.0 1008.0 752 1184 5.4437203 1
1104.0 848.0 32 1024 5.4807744 1
1552.0 1104.0 456 1280 5.4458065 1
1744.0 912.0 688 1080 5.4294953 1
1840.0 752.0 800 936 5.521031 1
1104.0 208.0 128 344 5.5176983 1
1808.0 400.0 824 592 5.511189 1
1904.0 496.0 904 688 5.5976677 1
1552.0 368.0 576 544 5.6521 1
1712.0 336.0 728 520 5.6271772 1
1648.0 304.0 672 488 5.660064 1
1264.0 400.0 280 560 5.6288705 1
1616.0 816.0 592 984 5.529841 1
1840.0 176.0 848 376 5.5720105 1
1072.0 720.0 40 888 5.5272064 1
1424.0 272.0 448 440 5.5855036 1
1136.0 144.0 80 280 5.610754 1
1840.0 272.0 848 464 5.5434484 1
1552.0 784.0 520 960 5.5211487 1
1488.0 16.0 552 112 5.670424 1
1872.0 48.0 872 232 5.541638 1
1296.0 1136.0 184 1320 5.4767556 1
1840.0 592.0 840 776 5.540507 1
1904.0 752.0 872 928 5.5335617 1
1872.0 1168.0 752 1336 5.421469 1
1360.0 208.0 384 376 5.633712 1
1168.0 432.0 184 592 5.5219855 1
1936.0 368.0 936 568 5.520597 1
1552.0 624.0 536 800 5.609145 1
1840.0 528.0 848 720 5.5538473 1
1232.0 1008.0 136 1192 5.432106 1
1520.0 528.0 536 704 5.633318 1
1200.0 176.0 224 336 5.5434933 1
1968.0 464.0 968 656 5.6160765 1
1840.0 1072.0 744 1248 5.4169436 1
1776.0 752.0 752 928 5.54416 1
1744.0 80.0 728 264 5.571014 1
1648.0 464.0 672 648 5.6174245 1
1168.0 304.0 184 456 5.576635 1
1328.0 400.0 344 568 5.6164055 1
1584.0 1264.0 448 1448 5.452776 1
1680.0 784.0 648 960 5.573593 1
1392.0 784.0 360 960 5.5414724 1
1328.0 176.0 352 344 5.6018257 1
1328.0 912.0 264 1088 5.5256867 1
1936.0 720.0 912 896 5.55201 1
1328.0 272.0 352 440 5.6058645 1
1328.0 656.0 336 824 5.601641 1
1104.0 144.0 40 280 5.6091223 1
1360.0 1072.0 264 1248 5.459673 1
1168.0 464.0 184 624 5.566562 1
1136.0 496.0 144 656 5.527337 1
1072.0 816.0 56 976 5.425249 1
1296.0 560.0 312 720 5.55587 1
1232.0 176.0 256 336 5.611704 1
496.0 48.0 1032 72 5.5031686 1
1104.0 176.0 72 312 5.5444684 1
1296.0 944.0 224 1120 5.5424166 1
1808.0 1232.0 680 1400 5.45389 1
592.0 48.0 824 104 5.479036 1
1744.0 368.0 760 552 5.607499 1
1456.0 560.0 472 736 5.6092076 1
1616.0 1104.0 520 1280 5.3866897 1
1968.0 304.0 968 504 5.590747 1
624.0 336.0 1032 352 4.8815846 1
1040.0 16.0 24 152 5.650996 1
1584.0 752.0 568 928 5.5352535 1
1872.0 976.0 792 1152 5.4443545 1
1968.0 208.0 1032 416 5.5853677 1
1904.0 592.0 896 776 5.485138 1
1584.0 272.0 608 456 5.645095 1
1808.0 720.0 792 896 5.5305824 1
1392.0 48.0 440 168 5.6702476 1
528.0 80.0 1080 120 5.5042524 1
1232.0 272.0 248 432 5.6131215 1
1200.0 336.0 216 496 5.623533 1
1520.0 784.0 504 952 5.4949493 1
1936.0 528.0 936 712 5.5744767 1
1552.0 720.0 536 896 5.5216637 1
1200.0 272.0 216 432 5.5948043 1
1296.0 656.0 288 824 5.6064734 1
1936.0 48.0 912 248 5.5136743 1
1296.0 432.0 312 592 5.6261044 1
1552.0 112.0 536 280 5.686276 1
1872.0 336.0 880 536 5.5726414 1
1296.0 752.0 280 920 5.5765734 1
240.0 16.0 616 88 5.5282307 1
528.0 112.0 1096 144 5.5041327 1
1776.0 1040.0 688 1216 5.42314 1
1680.0 592.0 680 776 5.5370526 1
1392.0 976.0 320 1152 5.524222 1
1840.0 1264.0 704 1432 5.4503417 1
1936.0 1040.0 832 1216 5.359993 1
1648.0 368.0 664 552 5.6343207 1
1328.0 1168.0 216 1352 5.4980617 1
1712.0 688.0 704 864 5.5875883 1
1968.0 496.0 960 688 5.6100473 1
1744.0 112.0 720 296 5.609718 1
1584.0 304.0 600 488 5.635984 1
1872.0 400.0 856 592 5.5786753 1
1328.0 1232.0 200 1416 5.364309 1
1712.0 752.0 688 928 5.600655 1
1040.0 624.0 24 784 5.530993 1
1360.0 1104.0 264 1280 5.4774466 1
1008.0 528.0 16 672 5.3581085 1
1072.0 48.0 56 176 5.65318 1
560.0 48.0 1128 96 5.5044756 1
1744.0 624.0 752 800 5.551789 1
1328.0 16.0 352 184 5.5977526 1
1488.0 1072.0 392 1256 5.451841 1
1488.0 208.0 512 384 5.619397 1
1296.0 304.0 312 464 5.558899 1
1168.0 848.0 112 1016 5.50268 1
1584.0 656.0 576 832 5.579797 1
1360.0 976.0 288 1152 5.547176 1
1232.0 720.0 208 888 5.6019454 1
1680.0 336.0 696 520 5.637919 1
1328.0 304.0 344 472 5.5780416 1
304.0 16.0 712 72 5.5288453 1
1072.0 592.0 56 752 5.5566463 1
1360.0 144.0 392 304 5.534588 1
1264.0 1040.0 168 1224 5.4627886 1
1936.0 1104.0 824 1280 5.370127 1
1872.0 272.0 880 472 5.6101427 1
1584.0 240.0 608 424 5.6378613 1
1040.0 464.0 40 616 5.5176783 1
1424.0 528.0 440 696 5.615367 1
1488.0 720.0 464 896 5.5788555 1
1552.0 1200.0 424 1392 5.466648 1
1680.0 752.0 656 928 5.590942 1
1200.0 1040.0 96 1224 5.446566 1
1072.0 432.0 80 584 5.48345 1
1552.0 272.0 576 456 5.625513 1
1904.0 208.0 920 416 5.580506 1
1808.0 304.0 816 496 5.580019 1
1168.0 1104.0 56 1288 5.4655366 1
1264.0 976.0 192 1152 5.5213633 1
1392.0 944.0 320 1128 5.4964485 1
1744.0 560.0 752 744 5.544992 1
1136.0 336.0 152 496 5.5438113 1
1232.0 464.0 240 632 5.5906816 1
1648.0 1296.0 512 1472 5.334375 1
1328.0 208.0 352 376 5.6064444 1
1168.0 1232.0 16 1424 5.45479 1
1744.0 720.0 720 896 5.5576563 1
464.0 16.0 1016 24 5.500981 1
1904.0 80.0 880 272 5.5061765 1
1712.0 48.0 696 224 5.6345577 1
1584.0 880.0 536 1048 5.4196773 1
1168.0 880.0 104 1048 5.4674835 1
1648.0 144.0 664 328 5.6085157 1
1264.0 464.0 272 632 5.593846 1
1968.0 1328.0 816 1480 5.3653812 1
1744.0 1200.0 624 1368 5.422129 1
1712.0 432.0 728 616 5.661932 1
1584.0 624.0 576 800 5.603668 1
1872.0 112.0 880 304 5.454446 1
1712.0 1040.0 640 1216 5.3803678 1
1936.0 912.0 864 1096 5.4551272 1
1360.0 336.0 376 504 5.602892 1
1328.0 624.0 336 792 5.6138573 1
1456.0 240.0 488 416 5.593147 1
1584.0 16.0 568 184 5.70375 1
1520.0 1168.0 408 1344 5.459571 1
1392.0 1040.0 296 1224 5.400921 1
1616.0 112.0 592 288 5.7029023 1
1648.0 1168.0 536 1344 5.4172764 1
1808.0 336.0 816 528 5.6345363 1
1904.0 1200.0 792 1360 5.3655334 1
1552.0 1040.0 472 1216 5.4827356 1
1584.0 1200.0 464 1376 5.417357 1
1712.0 208.0 736 400 5.654036 1
1584.0 80.0 568 256 5.6960783 1
1616.0 144.0 592 328 5.5817 1
1488.0 304.0 512 480 5.6382465 1
1232.0 1040.0 136 1216 5.4453173 1
1328.0 1072.0 232 1248 5.479081 1
1104.0 720.0 64 888 5.540076 1
1200.0 752.0 168 920 5.6027513 1
1168.0 1136.0 56 1312 5.456429 1
368.0 144.0 904 168 5.4389157 1
1072.0 336.0 56 472 5.495598 1
1840.0 688.0 816 872 5.566587 1
496.0 112.0 1032 136 5.500291 1
1328.0 144.0 360 296 5.484108 1
1968.0 1168.0 848 1328 5.4140286 1
1776.0 1296.0 632 1472 5.410675 1
1744.0 496.0 752 680 5.6458826 1
1264.0 80.0 288 240 5.52537 1
560.0 112.0 1120 136 5.503352 1
1904.0 976.0 824 1152 5.452432 1
1968.0 1200.0 840 1360 5.4123363 1
1776.0 80.0 800 280 5.6080537 1
1744.0 336.0 760 528 5.6453924 1
1840.0 1296.0 696 1464 5.426962 1
1904.0 912.0 832 1088 5.387354 1
1296.0 368.0 312 536 5.6147594 1
1744.0 880.0 696 1048 5.481762 1
1616.0 272.0 640 456 5.661293 1
1744.0 464.0 760 648 5.653645 1
1936.0 1296.0 792 1464 5.4116054 1
1424.0 752.0 408 920 5.5743747 1
1936.0 336.0 936 528 5.556513 1
432.0 48.0 888 64 5.5040827 1
1808.0 976.0 736 1144 5.4047356 1
560.0 80.0 1112 120 5.5038114 1
1808.0 368.0 824 560 5.6302624 1
1520.0 400.0 544 576 5.650794 1
1456.0 336.0 480 512 5.5515895 1
1968.0 48.0 936 248 5.5065002 1
1520.0 688.0 504 864 5.5823035 1
1968.0 144.0 976 352 5.5292354 1
1424.0 848.0 376 1024 5.5258417 1
592.0 432.0 1064 432 4.812596 1
1808.0 1072.0 712 1248 5.360237 1
1776.0 240.0 792 432 5.663767 1
1168.0 272.0 184 424 5.59775 1
1104.0 336.0 120 480 5.4965606 1
1456.0 1168.0 344 1344 5.4515147 1
1488.0 144.0 512 328 5.5171514 1
1616.0 752.0 592 928 5.584357 1
1136.0 1008.0 48 1184 5.4710984 1
1232.0 1264.0 72 1464 5.425581 1
1264.0 176.0 288 336 5.601098 1
1040.0 368.0 24 504 5.441417 1
1136.0 1136.0 16 1320 5.4228196 1
1584.0 1136.0 480 1312 5.488372 1
1904.0 1008.0 816 1184 5.4316893 1
1552.0 688.0 536 864 5.5999384 1
1936.0 496.0 936 688 5.595118 1
1072.0 656.0 48 816 5.5084305 1
1392.0 752.0 376 920 5.574927 1
1840.0 80.0 848 264 5.4542284 1
1360.0 528.0 368 696 5.6523223 1
1744.0 1040.0 656 1208 5.4212523 1
1808.0 144.0 832 344 5.5552053 1
1232.0 688.0 216 856 5.5829086 1
144.0 16.0 536 24 5.525726 1
1840.0 624.0 824 808 5.5645485 1
1200.0 720.0 168 888 5.6020765 1
1264.0 1136.0 152 1320 5.4466596 1
1328.0 368.0 344 536 5.6108475 1
1136.0 976.0 48 1152 5.4437456 1
1840.0 464.0 848 648 5.5792685 1
432.0 144.0 968 168 5.4466305 1
1776.0 112.0 792 312 5.5765257 1
1552.0 1296.0 408 1480 5.474685 1
1744.0 400.0 760 584 5.6441245 1
1776.0 1072.0 680 1248 5.427373 1
1520.0 816.0 480 992 5.5137224 1
1456.0 944.0 392 1120 5.506516 1
1776.0 176.0 792 376 5.6207137 1
1552.0 848.0 496 1032 5.509696 1
1008.0 240.0 56 360 5.4695516 1
1072.0 112.0 48 232 5.6272163 1
1360.0 1232.0 232 1416 5.448627 1
1872.0 688.0 848 872 5.5664744 1
1808.0 592.0 808 776 5.5517335 1
1616.0 496.0 632 672 5.645147 1
1360.0 816.0 312 992 5.548057 1
1712.0 1168.0 600 1336 5.4066696 1
1616.0 464.0 632 640 5.633243 1
1328.0 880.0 280 1048 5.51276 1
1648.0 976.0 576 1152 5.3915434 1
1776.0 1328.0 648 1464 5.3081303 1
1360.0 16.0 384 184 5.624923 1
1136.0 592.0 136 752 5.4697285 1
1872.0 1296.0 728 1464 5.41691 1
1168.0 688.0 136 856 5.5419207 1
1872.0 656.0 856 840 5.5680327 1
1648.0 176.0 672 360 5.6432433 1
1520.0 976.0 448 1152 5.475202 1
1520.0 272.0 544 448 5.644067 1
1168.0 624.0 160 792 5.5262136 1
1776.0 1168.0 664 1344 5.412509 1
112.0 80.0 528 88 5.529149 1
1968.0 368.0 968 568 5.5676994 1
1040.0 688.0 24 848 5.4888673 1
1584.0 592.0 584 768 5.6116085 1
1264.0 432.0 280 592 5.6228113 1
1232.0 656.0 216 824 5.5268006 1
1936.0 1200.0 808 1368 5.377101 1
1232.0 144.0 256 280 5.47551 1
1712.0 1200.0 592 1368 5.375794 1
1968.0 1040.0 872 1216 5.3950105 1
1680.0 144.0 704 328 5.636646 1
1616.0 560.0 632 736 5.610412 1
1232.0 368.0 248 528 5.6348104 1
1808.0 560.0 808 744 5.5701494 1
1488.0 912.0 456 1072 5.5373797 1
1392.0 1136.0 280 1320 5.4297485 1
1872.0 368.0 880 560 5.57414 1
464.0 112.0 992 152 5.501849 1
1296.0 720.0 280 888 5.6077366 1
1968.0 848.0 912 1024 5.5331745 1
1136.0 624.0 128 784 5.4752183 1
1616.0 688.0 608 864 5.6030054 1
1776.0 912.0 712 1088 5.408611 1
1232.0 880.0 168 1056 5.458792 1
1328.0 976.0 248 1152 5.525974 1
1232.0 944.0 160 1120 5.511218 1
1264.0 496.0 272 664 5.6138 1
1968.0 688.0 944 872 5.54362 1
1872.0 592.0 872 776 5.561936 1
1648.0 48.0 624 224 5.649049 1
1264.0 752.0 232 920 5.581669 1
464.0 48.0 1008 56 5.503815 1
1552.0 1328.0 424 1480 5.321488 1
1488.0 560.0 496 736 5.6021786 1
1936.0 784.0 888 968 5.5181546 1
1392.0 528.0 392 696 5.6490536 1
1104.0 240.0 120 384 5.4938607 1
1264.0 1104.0 152 1288 5.4467306 1
1008.0 464.0 16 616 5.441977 1
1360.0 1168.0 240 1352 5.491794 1
976.0 48.0 16 184 5.6350355 1
1680.0 944.0 624 1112 5.3078938 1
1616.0 1328.0 496 1480 5.2877603 1
1776.0 688.0 760 872 5.546622 1
1904.0 720.0 880 896 5.5299425 1
1104.0 464.0 112 624 5.515711 1
1616.0 176.0 640 360 5.6342335 1
1616.0 1008.0 536 1184 5.4334326 1
1392.0 1200.0 272 1384 5.4494753 1
1584.0 464.0 600 640 5.635765 1
1872.0 624.0 864 808 5.5558143 1
1168.0 656.0 160 824 5.530039 1
1904.0 144.0 912 352 5.5029607 1
1616.0 880.0 568 1056 5.42634 1
1456.0 48.0 520 144 5.6712556 1
1040.0 272.0 24 400 5.5118566 1
112.0 16.0 544 40 5.527776 1
1072.0 304.0 56 440 5.492978 1
1136.0 944.0 56 1120 5.4669933 1
1808.0 272.0 816 464 5.606464 1
1520.0 112.0 496 272 5.695711 1
1488.0 240.0 512 416 5.6335797 1
1456.0 880.0 408 1056 5.5403414 1
1264.0 1072.0 160 1256 5.462352 1
1168.0 560.0 160 720 5.5489655 1
1200.0 912.0 128 1088 5.500494 1
1840.0 240.0 848 440 5.5677533 1
1392.0 880.0 336 1056 5.509228 1
1104.0 816.0 72 976 5.474157 1
1968.0 592.0 936 784 5.3773475 1
1520.0 208.0 544 384 5.604295 1
1744.0 432.0 760 616 5.653166 1
1488.0 1040.0 408 1216 5.465113 1
1776.0 496.0 784 680 5.627809 1
1616.0 624.0 624 800 5.573018 1
400.0 112.0 872 168 5.505501 1
1392.0 624.0 392 792 5.591674 1
1872.0 1104.0 768 1272 5.426355 1
1776.0 368.0 792 552 5.632147 1
1872.0 1072.0 776 1240 5.4157743 1
1424.0 1232.0 296 1416 5.4294443 1
1264.0 336.0 280 496 5.614345 1
1200.0 304.0 216 456 5.599697 1
1424.0 784.0 408 952 5.5438886 1
1104.0 16.0 72 152 5.6480603 1
368.0 48.0 832 88 5.5048437 1
1648.0 624.0 648 800 5.4884686 1
1040.0 720.0 16 880 5.5085297 1
1968.0 528.0 968 720 5.57011 1
1392.0 1008.0 312 1184 5.484268 1
208.0 16.0 584 88 5.52919 1
1168.0 1200.0 32 1392 5.427731 1
1264.0 240.0 288 400 5.613039 1
1712.0 656.0 704 832 5.5437326 1
1968.0 1104.0 856 1272 5.4278665 1
1296.0 240.0 320 400 5.6101913 1
1872.0 880.0 816 1048 5.5072265 1
1584.0 528.0 600 704 5.635281 1
1488.0 848.0 440 1024 5.5358243 1
1680.0 1040.0 584 1224 5.338954 1
1904.0 1040.0 808 1216 5.4220986 1
1616.0 528.0 632 704 5.6454706 1
1616.0 1136.0 512 1312 5.48323 1
1840.0 656.0 824 840 5.5514126 1
1424.0 592.0 432 760 5.604477 1
1136.0 656.0 120 824 5.5144906 1
1360.0 1136.0 248 1320 5.468653 1
1424.0 688.0 416 856 5.5702987 1
1616.0 240.0 640 424 5.6536446 1
1424.0 1104.0 328 1280 5.463298 1
1968.0 80.0 944 280 5.5111475 1
1680.0 624.0 696 800 5.4887047 1
432.0 272.0 1248 296 5.0847325 1
1968.0 816.0 920 992 5.5063543 1
1200.0 1232.0 56 1424 5.4632015 1
1296.0 1104.0 184 1288 5.4213305 1
1488.0 496.0 504 672 5.619529 1
1232.0 240.0 248 400 5.590803 1
1296.0 688.0 280 856 5.604264 1
1840.0 1328.0 712 1472 5.3143396 1
1904.0 1168.0 784 1336 5.4188695 1
1648.0 944.0 584 1120 5.4284625 1
528.0 144.0 1032 184 5.356386 1
1392.0 816.0 352 992 5.548401 1
1136.0 752.0 96 920 5.5699053 1
1616.0 400.0 632 584 5.60017 1
1232.0 336.0 248 496 5.6364107 1
1712.0 560.0 696 736 5.430231 1
1424.0 976.0 352 1152 5.5368524 1
1168.0 592.0 168 752 5.5382104 1
1424.0 624.0 424 792 5.6026707 1
1136.0 912.0 56 1088 5.4525743 1
1232.0 624.0 224 792 5.514983 1
1456.0 80.0 424 240 5.6682377 1
1904.0 304.0 912 504 5.617909 1
1232.0 16.0 264 176 5.5815787 1
1200.0 976.0 120 1152 5.51807 1
1296.0 464.0 312 624 5.6082845 1
1072.0 368.0 56 504 5.374382 1
432.0 176.0 968 192 5.446481 1
1776.0 528.0 784 712 5.634096 1
80.0 240.0 472 296 5.4223967 1
944.0 432.0 1240 664 4.8159685 1
1520.0 1136.0 408 1320 5.4401817 1
1840.0 1168.0 720 1344 5.4367876 1
1712.0 944.0 656 1112 5.440663 1
1168.0 368.0 184 528 5.591046 1
1168.0 144.0 120 280 5.6086698 1
1808.0 752.0 776 928 5.5121093 1
1200.0 464.0 216 632 5.586252 1
1936.0 432.0 936 624 5.6148505 1
1968.0 720.0 944 896 5.547272 1
1712.0 848.0 664 1024 5.5331807 1
1424.0 1072.0 336 1248 5.470744 1
1808.0 816.0 768 992 5.5598936 1
1072.0 272.0 72 408 5.4984016 1
1552.0 560.0 568 736 5.6214786 1
1968.0 272.0 968 472 5.592046 1
1328.0 432.0 344 600 5.6059127 1
1328.0 944.0 264 1120 5.529612 1
1264.0 528.0 272 688 5.6086445 1
1264.0 784.0 232 952 5.544229 1
1520.0 720.0 504 896 5.5878053 1
1232.0 496.0 240 656 5.5977297 1
1552.0 880.0 504 1056 5.5007353 1
1680.0 368.0 696 552 5.6527224 1
1392.0 1072.0 296 1248 5.4633455 1
1776.0 304.0 792 496 5.6679378 1
1424.0 368.0 440 536 5.6221266 1
1168.0 1264.0 16 1456 5.4596367 1
1424.0 240.0 448 408 5.5723653 1
1648.0 1072.0 552 1248 5.292159 1
1456.0 784.0 424 960 5.5509043 1
1616.0 1168.0 504 1344 5.4714003 1
1744.0 1264.0 608 1440 5.433989 1
1424.0 1040.0 336 1224 5.431968 1
1296.0 112.0 320 264 5.4942546 1
1328.0 528.0 336 696 5.6373363 1
1584.0 560.0 592 736 5.623318 1
1264.0 1232.0 120 1424 5.4234657 1
1872.0 1008.0 784 1184 5.4593916 1
1392.0 560.0 400 728 5.646945 1
1008.0 432.0 16 584 5.456487 1
1232.0 752.0 200 920 5.593476 1
1200.0 1200.0 72 1384 5.4322205 1
1680.0 432.0 688 616 5.6252756 1
1040.0 304.0 24 440 5.4792566 1
1136.0 1072.0 24 1256 5.4570303 1
1168.0 112.0 120 248 5.619013 1
1360.0 1264.0 216 1456 5.4578333 1
1648.0 688.0 640 864 5.588322 1
1776.0 336.0 792 528 5.659011 1
1808.0 1264.0 672 1432 5.450939 1
304.0 80.0 680 144 5.5284605 1
1136.0 208.0 152 360 5.566152 1
1424.0 336.0 448 504 5.559478 1
1232.0 784.0 184 960 5.544221 1
1616.0 48.0 592 216 5.700983 1
1904.0 272.0 912 472 5.611531 1
1168.0 944.0 88 1120 5.524723 1
1360.0 912.0 312 1080 5.5094967 1
1584.0 1168.0 472 1344 5.480455 1
1872.0 432.0 880 624 5.603858 1
1680.0 1072.0 576 1256 5.3335533 1
1072.0 624.0 56 784 5.545827 1
1520.0 1264.0 384 1448 5.4718018 1
1616.0 1392.0 544 1472 5.128789 1
1520.0 304.0 544 480 5.6369395 1
1872.0 1136.0 760 1304 5.4267764 1
1296.0 400.0 312 568 5.624037 1
1680.0 528.0 688 712 5.6368775 1
1264.0 16.0 296 176 5.544459 1
1328.0 816.0 288 984 5.526361 1
1040.0 496.0 32 648 5.500558 1
80.0 80.0 504 88 5.529037 1
1712.0 1296.0 576 1456 5.3828435 1
1488.0 464.0 504 640 5.6171594 1
1424.0 1200.0 304 1384 5.443734 1
1968.0 624.0 936 816 5.54333 1
1904.0 528.0 904 712 5.5732546 1
1520.0 656.0 504 832 5.5870776 1
1264.0 144.0 288 304 5.4960837 1
304.0 48.0 696 104 5.5292754 1
1232.0 1136.0 120 1320 5.4413447 1
1424.0 880.0 376 1056 5.504954 1
1136.0 848.0 72 1016 5.4910197 1
1392.0 1264.0 248 1456 5.450314 1
1680.0 848.0 632 1024 5.5308323 1
1456.0 1040.0 368 1216 5.4391775 1
1936.0 1168.0 816 1336 5.39138 1
1328.0 592.0 336 760 5.6146116 1
1488.0 816.0 448 992 5.5309243 1
